9698
1319
1322
1206
1011
1013
1031
1008
1339
1176
1014
1040
1017
1025
1019
1037
1179
1360
1262
1028
1135
1031
1019
1049
1082
1265
1014
1173
1028
1194
1165
1046
1046
1043
1043
1043
1040
1120
1079
1227
1274
1194
1170
1179
1179
1167
2314
1330
1274
1069
1043
1087
1022
1008
1022
1025
1037
1040
1040
1046
1025
1011
1040
1040
1043
1019
1011
1022
1043
1037
1022
1037
1040
1345
1253
1328
1170
1097
1011
1019
1129
1011
1019
1028
1019
1174
1428
1315
1325
1079
1022
1025
1022
1277
1034
1227
1253
1182
1274
1156
1153
1150
1197
1179
1176
1165
1173
1165
1179
1165
1176
1182
1168
1182
1176
1176
1179
1168
1179
1173
1179
1179
1173
1179
1168
1049
1185
1173
1384
1105
1164
1129
1073
1117
1075
1067
1075
1058
1043
1040
1022
1017
1022
1046
1046
996
1040
1025
1022
1022
1028
1028
1014
1040
1025
1022
1017
1025
1025
1040
1034
1025
1031
1037
1043
1022
1037
1025
1025
1025
1011
1025
1011
1028
1096
1025
1022
1022
1028
1025
1022
1037
1037
1022
1025
1025
1031
1025
1022
1025
1028
1028
1037
1037
1022
1040
1040
1028
1017
1022
1022
1017
1040
1025
1022
1025
1040
1037
1014
1286
1031
1014
1040
1040
1040
1025
1025
1028
1025
1040
1022
1040
1026
1025
1025
1017
1040
1028
1022
1017
1022
1028
1014
1031
1040
1028
1040
1037
1037
1037
1040
1028
1028
1028
1040
1040
1017
1014
1022
1028
1040
1028
1011
1025
1040
1040
1040
1010
1031
1031
1040
1040
1022
1011
1025
1040
1014
1025
1025
1093
1031
1025
1025
1055
1028
1020
1022
1037
1043
1031
1043
1028
1022
1037
1022
1017
1025
1017
1037
1014
1025
1017
1025
1025
1316
1022
1183
1025
1031
1025
1011
1026
1028
1031
1025
1043
1040
1040
1040
1008
1016
1043
1040
1025
1040
1040
1037
1014
1028
1040
1043
1040
1025
1028
1025
1268
1063
1043
1031
1037
1022
1025
1011
1017
1028
1037
1034
1025
1022
1014
1022
1022
1022
1025
1037
1037
1040
1040
1019
1040
1037
1040
1022
1040
1043
1040
1011
1025
1022
1043
1043
1028
1043
1040
1040
1040
1019
1043
1043
1040
1037
1040
1011
1028
1040
1028
1025
1040
1040
1022
1614
1031
1025
1011
1040
1040
1037
1040
1040
1022
1040
1014
1037
1040
1043
1025
1022
1037
1043
1028
1017
1028
1040
1025
1022
1025
1014
1040
1022
1037
1025
1025
1025
1040
1022
1040
1034
1040
1028
1025
1028
1028
1028
1028
1040
1040
1043
1025
1028
1040
1037
1054
1040
1028
1025
1043
1037
1037
1011
1019
1040
1011
1008
1022
1040
1022
1040
1043
1040
2032
1710
1123
1052
1037
1037
1025
1040
1017
1028
1011
1040
1025
1028
1028
1025
1366
1025
1022
1022
1025
1040
1017
1028
1031
1031
1040
1022
1022
1025
1022
1040
1028
1028
1014
1025
1025
1040
1037
1025
1017
1028
1017
1022
1040
1037
1040
1040
1037
1028
1040
1040
1028
1022
1040
1040
1022
1022
1022
1037
1025
1040
1040
1040
1010
1037
1040
1022
1011
1022
1019
1016
1019
1040
1040
1019
1040
1008
1040
1037
1005
1022
1019
1043
1022
1040
1046
1040
1040
1037
1040
1054
1028
1040
1011
1011
1014
1040
1040
1022
1022
1520
1025
1164
1025
1037
1043
1022
1028
1040
1025
1025
1028
1040
1014
1040
1025
1031
1011
1054
1040
1011
1025
1040
1028
1028
1028
1040
1022
1025
1022
1022
1040
1028
1028
1028
1028
1025
1022
1014
1040
1043
1025
1025
1025
1025
1040
1040
1040
1025
1017
1022
1025
1037
1037
1040
1022
1025
1025
1040
1028
1028
1040
1040
1034
1046
1028
1014
1028
1028
1037
1014
1031
1031
1028
1040
1017
1022
1043
1040
1025
1028
1040
1022
1028
1028
1037
1286
1040
1040
1230
1063
1185
1043
1019
1022
1025
1040
1022
1028
1022
1037
1028
1008
1014
2688
1304
1084
2207
1153
1268
1082
1070
1200
1111
1091
1105
1102
1105
1105
1102
1094
1123
1091
1091
1102
1069
1105
1108
3102
1167
1117
1470
1087
1079
1449
1082
1087
1488
1087
1076
1093
1061
1037
1061
1040
1123
1055
1049
1028
1020
1096
1025
1034
1031
1153
1031
1161
1025
1034
1304
1037
1194
1040
1022
1022
1011
1019
1179
1028
1011
1011
1005
1008
1008
1011
1022
1019
1019
1016
1016
1022
1019
1011
1008
1105
1046
1022
1019
1022
1013
1090
1070
1022
1019
1016
1146
1011
1019
1022
1022
1019
1096
1019
1022
1011
1008
1165
1011
1011
1022
1016
1019
1025
1008
1022
1031
1011
1019
1022
1022
1022
1022
1022
1025
1008
1011
1008
1008
1022
1022
1011
1025
1025
1011
1040
1040
1022
1019
1025
1274
1099
1034
1022
1025
1011
1011
1022
1022
1081
1096
1022
1019
1085
1028
1022
1022
1011
1011
1022
1016
1025
1014
1046
1011
1008
1019
1011
1043
1025
1008
1553
1040
1022
1011
1008
1025
1005
1072
1043
1040
1037
1025
1031
1040
1037
1040
1008
1022
1022
1025
1153
1396
1019
1179
1022
1064
1005
1019
1025
1022
1034
1064
1037
1043
1040
1014
1028
1028
1025
1028
1022
1014
1010
1025
1025
1014
1022
1025
1028
1025
1028
1324
1028
1174
1108
1022
1008
1170
1019
1330
1011
1443
1022
1082
1087
4240
1088
1031
1191
1312
1090
1244
1058
1037
1043
1028
1025
1028
1022
1022
1025
1022
1025
1022
1025
1022
1096
1043
1040
1043
1031
1028
1028
1226
1076
1052
1633
1093
1069
1058
1022
1019
1011
1022
1022
1022
1016
1022
1025
1043
1043
1022
1283
1025
1011
1022
1028
1043
1043
1040
1031
1031
1014
1028
1025
1028
1022
1040
1037
1028
1040
1037
1028
1194
1108
1016
1031
1019
1031
1014
1011
1022
1025
1011
1014
1028
1031
1028
1031
1028
1031
1028
1017
1017
1028
1040
1037
1043
1043
1025
1022
1019
1177
1037
1037
1040
1028
1016
1022
1025
1017
1025
1022
1028
1028
1014
1022
1025
1031
1025
