24874
1523
1203
14744
1325
1120
1221
1292
1218
1139
1155
1123
1215
1108
1105
1076
1288
1123
1325
1123
1087
1227
1088
1111
1099
1085
1105
1090
1105
1085
1102
1200
1090
1094
1141
1102
1120
1120
1067
1221
1102
1126
1099
1117
1099
1120
1102
1085
1250
1096
1120
1114
1102
1105
1096
1108
1099
1094
1108
1096
1108
1099
1091
1099
1102
1194
1111
1111
1076
1067
1087
12255
1126
1111
1114
1114
1094
1129
1102
1111
1102
1117
1111
1126
1155
1102
1129
1126
1094
1117
1132
1120
1108
1090
1105
1105
1179
1129
1094
1082
1079
1099
1090
1123
1097
1126
1088
1108
1108
1105
1117
1123
1135
1126
1129
1303
1090
1137
1120
1298
1197
1123
1146
1102
1108
1090
1105
1117
1132
1120
1123
1114
1102
1146
1105
1105
1088
1123
1099
1108
1088
1129
1132
1120
1135
1141
1138
1100
1129
1108
1108
1079
1094
1102
1105
1505
5019
1280
1120
1123
1146
1099
1093
1105
1123
1102
1093
1102
1096
1096
1087
1126
1120
1094
1087
1102
1117
1102
1150
1108
1111
1120
1120
1149
1093
1108
1061
1120
1094
1108
1247
1105
1108
1105
1108
1111
1090
1135
1102
1108
1134
1117
1164
1120
1318
1143
1117
1108
1091
1129
1123
1137
1096
1105
1120
1120
1123
1132
1244
1091
1099
1102
1099
1120
1123
1135
1132
1152
1126
1091
1123
1108
1108
1117
1094
1093
1102
1093
1091
1123
1105
1097
4960
1135
1099
1102
1099
1088
1088
1079
1120
1102
1143
1126
1114
1105
1108
1493
1150
1111
1132
1120
1256
1105
1140
1132
1218
1093
1120
1108
1117
1111
1105
1091
1087
1102
1076
1108
1093
1126
1087
1159
1105
1108
1105
1123
1090
1108
1084
1182
1153
1084
1096
1126
1108
1129
1182
1090
1215
1082
1120
1120
1120
1106
1129
1159
1108
1085
1097
1099
1108
1117
1111
1120
1108
1082
1111
1123
1114
1076
1070
1129
1212
1093
1085
1093
1111
6376
1265
1114
1102
1105
1132
1149
1108
1129
1105
1102
1191
1090
1079
1087
1123
1094
1126
1134
1108
1111
1111
1093
1135
1135
1085
1097
1123
1123
1111
1105
1126
1114
1174
1191
1084
1123
1129
1061
1123
1108
1123
1111
1105
1105
1158
1085
1129
1241
1150
1097
1108
1209
1132
1108
1108
1111
1105
1152
1099
1099
1091
1091
1105
1126
1108
1105
1120
1126
1120
1194
1099
1114
1126
1093
1099
1082
1114
1111
1099
1114
1114
1120
1099
1120
4435
1271
1102
1096
1129
1102
1102
1108
1097
1182
1120
1114
1105
1105
1111
1123
1106
1120
1117
1091
1114
1085
1096
1123
1126
1105
1108
1120
1094
1132
1126
1123
1111
1094
1100
1097
1108
1094
1105
1091
1111
1091
1108
1108
1108
1105
1197
1129
1289
1138
1132
1132
1103
1117
1132
1123
1135
1129
1100
1132
1105
1203
1096
1120
1126
1158
1132
1082
1099
1132
1087
1108
1073
1111
1084
1097
1076
1105
1082
1135
1152
1150
1093
1141
1117
1111
4806
1135
1111
1111
1129
1108
1105
1150
1111
1093
1108
1079
1079
1093
1090
1111
1105
1206
1091
1129
1120
1105
1085
1067
1088
1067
1099
1081
1099
1259
1262
1108
1123
1102
1120
1117
1123
1132
1099
1096
1088
1099
1085
1082
1090
1082
1085
1185
1105
1102
1120
1114
1123
1099
1102
1102
1105
1094
1120
1164
1126
1135
1117
1096
1105
1079
1093
1093
1167
1105
1076
2273
1138
1126
1126
1111
1102
1105
1100
1093
1105
1085
1108
1090
1102
7772
1369
1135
1173
1138
1123
1114
1120
1117
1161
1108
1111
1102
1117
1256
1135
1230
1129
1108
1114
1141
1111
1173
1093
1061
1064
1082
1061
1064
1093
1102
1079
1099
1182
1093
1197
1108
1111
1206
1108
1085
1200
1108
1105
1120
1087
1197
1108
1304
1179
1126
1126
1117
1150
1108
1070
1108
1141
1102
1076
1102
1123
1093
1082
1197
1105
1120
1105
1117
1126
1111
1229
1096
1114
1070
1108
1111
1105
1123
1061
1094
1126
1064
1096
1111
4907
1277
1111
1126
1120
1069
1091
1111
1102
1108
1079
1094
1093
1093
1203
1161
1102
1073
1105
1090
1061
1099
1090
1084
1096
1073
1093
1073
1058
1076
1064
1102
1090
1105
1174
1096
1061
1102
1108
1091
1093
1084
1094
1081
1100
1076
1185
1108
1277
1105
1117
1114
1082
1096
1091
1087
1087
1094
1100
1108
1111
1102
1085
1102
1093
1088
1108
1096
1111
1102
1114
1093
1155
1094
1105
1085
1079
1200
1105
1111
1203
1111
1094
1085
1147
1079
11550
1150
1120
1103
1111
1094
1096
1076
1105
1173
1099
1084
1200
1108
1093
1061
1082
1111
1094
1090
1097
1114
1105
1203
1105
1108
1200
1087
1114
1206
1111
1117
1105
1096
1096
1097
1096
1108
1200
1100
1120
1114
1259
1126
1123
1132
1076
1105
1117
1126
1090
1073
1132
1114
1120
1120
1120
1108
1120
1114
1123
1111
1123
1120
1102
1597
1310
1247
1088
1102
1105
1123
1105
1076
1132
1105
1102
1105
1102
1137
1117
1105
1105
1108
1102
6133
1174
1126
1111
1200
1108
1093
1093
1200
1097
1120
1111
1141
1067
1117
1117
1120
1114
1105
1132
1087
1117
1105
1082
1200
1105
1120
1111
28836
1191
1117
1100
1153
1185
1096
1108
1073
1084
1091
1108
1090
1108
1099
1117
1093
1111
1090
1105
1238
1188
1123
1117
1120
1102
1108
1108
1099
1108
1102
1087
1084
1099
1126
1084
1079
1111
1073
1108
1090
1150
1114
1079
1111
1084
1103
1076
1102
1087
1085
1073
1087
1076
1108
1090
1097
5947
1176
1102
1084
1067
1105
1075
1108
1102
1102
1087
1102
1079
1087
1108
1117
1108
1099
1108
1156
1093
1087
1102
1103
1093
1108
1108
1082
1105
1155
1087
1105
1108
1099
1108
1073
1111
1105
1085
1099
1085
1102
1111
1084
1105
1090
1174
1079
1333
1135
1132
1138
1147
1088
1114
1087
1111
1079
1123
1079
1120
1097
1132
1129
1091
1307
1114
1150
1094
1108
1079
1079
1093
1111
1147
1099
