3914117
4041289
3519078
3992855
3611891
3808328
3966962
3764056
3816132
3962334
4082940
4226118
3702589
4102086
3718322
3985679
4150720
3943878
4014879
4204462
4101943
4236485
3718581
4105667
3747551
4000255
4162298
3963771
4015663
4173021
41465146
42906571
37489724
41557110
37677989
40522049
42247167
40107189
40769603
42193674
4218556
4352802
3941589
4209241
3935510
4172390
4285433
4163358
4190086
4319087
4372464
4524160
4116162
4384589
4117403
4393806
4466287
4311474
4364113
4484988
4323706
4277929
4174185
4254341
4120467
4267194
4189018
4153319
4247907
4294337
4554922
4638008
4520005
4563168
4530097
4538492
4522663
4587300
4545375
4561768
4652332
4654109
4598974
4665357
4604325
4623996
4641606
4635018
4641381
4664180
4533892
4537876
4549907
4547081
4530439
4532659
4544474
4554551
4535732
4526341
4578625
4580224
4544524
4548133
4567350
4557440
4540255
4662050
4545327
4581040
4476369
4497339
4450661
4462423
4500711
4491582
4473513
4460284
4491473
4509389
4545799
4577159
4576397
4595569
4519259
4560341
4585685
4560554
4565475
4561913
4586927
4592059
4453359
4579076
4447179
4562808
4534397
4548778
4556640
4669922
4379073
4419635
4268089
4369863
4268071
4394873
4323893
4316737
4392485
4402782
4674905
4806180
4566760
4676024
4618456
4669890
4623546
4629158
4700094
4698274
4653078
4601818
4484622
4600494
4471475
4596494
4530159
7817927
8917028
6777604
4713132
4713425
4591327
4723058
4587177
4691893
4664954
4621084
4732499
4736793
4774103
4729687
4654067
4712994
4653457
4740449
4706934
4652488
4738336
4736426
4860645
4853539
4802384
4852521
4735285
4866457
4778437
4760858
4853945
4862606
4386182
4434601
4307196
4409949
4290956
4404565
4375086
4327036
4435236
4420701
4396737
4446147
4392278
4417065
4382826
4419320
4430673
4403599
4424390
4429804
4454669
4502508
4410505
4427083
4404649
4454064
4433380
4411463
4441732
4465321
4475812
4480005
4431698
4460065
4452183
4476814
4525955
4444979
4489439
4485033
4526770
4537235
4532559
4540387
4510885
4552337
4516307
4515300
4591791
4567569
4548661
4552585
4565264
4577463
4527439
4542523
4559279
4558014
4544675
4550836
4638422
4643558
4610313
4634968
4604485
4625110
4638448
4607404
4612006
4631244
4648646
4627643
4655875
4632880
4642613
4671649
4630895
4626409
4637274
4658021
4497645
4460199
4331674
4463153
4327093
4435083
4383271
4374445
4471322
4456266
4535882
4574507
4472628
4547627
4435310
4544090
4531713
4484477
4564364
4597387
4492134
4537395
4379087
4503274
4377823
4523487
4448127
4419182
4526969
4553681
4792144
4815563
4748925
4789424
4772627
4781650
4882515
4762005
4832970
4814417
4849759
4849030
4826734
4827812
4854921
4842291
4832595
4795525
4845599
4836260
4947727
4910906
4891281
4891976
4884823
4921865
4882485
4895193
4916565
4934041
4930047
4954072
4907644
4949730
4896701
4961569
4934301
4937789
4927116
4919990
4798040
4925953
4601924
4773801
4581660
4842203
4829566
4724200
4863699
4931128
4572528
4567856
4520087
4585122
4521865
4642620
4558818
4550014
4589903
4565568
4967412
5034601
4780443
4929081
4753995
4960839
5018515
4848848
4976288
5100900
4738842
4757533
4705528
4719020
4726659
4727646
4744896
4707388
4750413
4771866
31858
28382
27742
27283
26841
27173
26634
26545
26474
26273
26450
26883
26317
26249
26584
26335
26015
26527
26278
26276
26252
26095
26166
26249
26474
26234
26474
26118
26062
26187
26178
26418
26166
26106
26305
26432
26121
26388
26365
26264
26504
26290
26196
26198
26257
26066
26258
26240
26027
26009
3985053
3980866
3974859
3997601
3974559
3973507
3973101
3977413
4010670
3977569
3997702
3996046
4001004
4086352
3994855
3998667
4002535
3987738
4014305
3993160
4046230
3998527
3992487
4004526
3985993
3990782
3995833
3986645
4009112
3986274
4367155
4344530
4340716
4379762
4345531
4343792
4345548
4358414
4335810
4342194
4356363
4372936
4373433
4348565
4348681
4355747
4361931
4380097
4353614
4353759
4009018
4066496
4015006
4010931
4011160
4015604
4030875
4013792
4008369
4011285
4020780
4040205
4022977
4017583
4027563
4011151
4031566
4020757
4091856
4024989
4044659
4046337
4033521
4037761
4029901
4036742
4049845
4055773
4027088
4038147
3961675
3986808
3911554
3957868
3919095
3958552
3973166
3933924
3971406
3982547
4040662
4046444
4030212
4024691
4024239
4053610
4045483
4025248
4031441
4025472
4044685
4081822
4044804
4044336
4042794
4042698
4055100
4047096
4046125
4045468
4059192
4082954
4055500
4058425
4070148
4063998
4067133
4060561
4137748
4062069
4087053
4090930
4081616
4073340
4069201
4108640
4070478
4076721
4075265
4070884
4144931
4121548
4126231
4125871
4120579
4138437
4128184
4120043
4118727
4133958
4158706
4135462
4154703
4135002
4134916
4148102
4139625
4132643
4137204
4151010
4157710
4163239
4151957
4150039
4157293
4185020
4158806
4154890
4148816
4167690
4149050
4145118
4141097
4150987
4161373
4145296
4212979
4175103
4141401
4157358
4172863
4164493
4157565
4208818
4174518
4164182
4165518
4163225
4177213
4187651
4176439
4182240
4176552
4203166
4187050
4183805
4178078
4185120
4195948
4202884
4052345
4054845
4051933
4066382
4049927
4054030
4048152
4049168
4081343
4053843
4095847
4088039
4092240
4097518
4092919
4090108
4088059
4096478
4095669
4094516
4082896
4081470
4097135
4101021
4078071
4149370
4076086
4091921
4087434
4078706
4106712
4093280
4122333
4095002
4094303
4115767
4092604
4107981
4095384
4096075
4156727
4179206
4168368
4165591
4153636
4156134
4163902
4169710
4150628
4154372
3954038
3962780
3957989
3955135
3938629
3955561
3972567
3958169
3948087
3947547
4180410
4186181
4180096
4179831
4175052
4199805
4194074
4173977
4178338
4177192
4183736
4214376
4183915
4258228
4191228
4208293
4199930
4182658
4189971
4186523
4199736
4206120
4192916
4200049
4189120
4232749
4192881
4194607
4195503
4192453
4222303
4218874
4205703
4207207
4229132
4237788
4211117
4210105
4210777
4221570
4229764
4221541
4222001
4240092
4264031
4222169
4218594
4223126
4224239
4235710
4237205
4244847
4262367
4240518
4257505
4238790
4237492
4243911
4246369
4279229
4213584
4282367
4212746
4231549
4202954
4204408
4200385
4209051
4241137
4210230
4234805
4232871
4225181
4245345
4232512
4232646
4234141
4259424
4228317
4229297
3998646
3993839
4002880
4001427
3993055
3984283
3984384
4006779
3990820
3990848
4255170
4255218
4270478
4251026
4254185
4267194
4248369
4264186
4257116
4252465
4260446
4262442
4289471
4265313
4256174
4259434
4265658
4267262
4254162
4349393
4266885
4290486
4267806
4267635
4267372
4273507
4296711
4267433
4270444
4268897
4298086
4284882
4282287
4302272
4282527
4297525
4283067
4284153
4281962
4291673
4365085
4320932
4320711
4326470
4343366
4311803
4339982
4321513
4322681
4349353
4336473
4336357
4363980
4354198
4341309
4338562
4333853
4339771
4399718
4339580
4352879
4354669
4354094
4378727
4354989
4411329
4362864
4370410
4368559
4356257
4372534
4394275
4376295
4371237
4388840
4372719
4385999
4368049
4366742
4385602
4358690
4376487
4356698
4361789
4386278
4368609
4356213
4386906
4363667
4477352
4050778
4029264
4031765
4023365
4031574
4055653
4035300
4025051
4027845
4021821
4413839
4402257
4400773
4423175
4420129
4406939
4405190
4395148
4458292
4407528
4157863
4355074
3977389
4172141
3976832
4187939
4208781
4089173
4226750
4298254
3962171
3963273
3960571
3984141
3962603
3972340
3963200
3971134
3978556
3966360
3976153
3981048
3950408
3989961
3989232
3975605
3986556
3981116
3985581
3986823
3989359
3983155
3988052
4012458
3998684
4001351
3984889
3990951
3990500
3989440
4090483
4110050
4082806
4115775
4089223
4100365
4090874
4084774
4105772
4095114
45777757
47149775
41691561
45796723
41867495
44678363
46431068
44298501
44879891
46317275
43547500
45089877
39400572
43715636
39655129
42540560
44336497
42142504
42846187
44156938
45210972
46368227
43343441
45248352
43264694
45564225
45727462
44558504
45761046
46659482
44711691
45770908
43249495
44727776
43243809
44588577
45000260
43697043
45361566
45535332
47044797
47992365
44969056
46950796
44929331
47340583
47404462
46195508
47456622
48468544
48520248
49674328
46540504
48650053
46535189
48852288
48992622
47775218
49130304
49974563
5587419
5605582
46172982
5551025
46321026
5552779
46382194
46257901
5569838
5590554
46190371
46344207
46204163
46187734
46270620
46261943
46210722
46214900
46225655
46201048
46510234
46363413
46379766
46357183
46498302
46386195
46504394
46431906
46454173
46386116
5597507
5591436
5567073
5604503
5569979
5557323
5557420
5593122
5575596
5572780
5570105
5579154
5567273
5555489
5579416
5530746
5567569
5557546
5580052
5546686
5585015
5598810
5582221
5579359
5631439
5622254
5591466
5580226
5597264
5563149
45309501
46406145
43388090
45392424
43326118
45650285
45851438
44575444
45962259
46812548
48000308
49557330
45294789
48142024
45218244
47812212
48731879
47251886
48041849
49154053
46636903
46746738
46259780
46594859
46288396
46564076
46462587
46282870
46674701
46735922
49400145
50959320
45397595
49561298
45597989
48452272
50259384
48087812
48700856
50111771
39470
61552
35375
34596
33937
34240
33662
34696
33514
33425
37946
36874
37437
36776
36732
36806
36797
36765
36687
36649
5644543
5819888
5159718
5658030
5181645
5516952
5716320
5486800
5528889
5695935
5453247
5635023
5183173
5470317
5161600
5453499
5640279
5408272
5468182
5599034
5395801
5483629
5151342
5389117
5144890
5417840
5449292
5290048
5559653
5548340
5679154
5852486
5343831
5694468
5378489
5642797
5739636
5609396
5704222
5787158
5560663
5702103
5346606
5572772
5346097
5627362
5613078
5481534
5624787
5747919
5729084
5864097
5517712
5805077
5530772
5766026
5830290
5654052
5791042
5910292
5519413
5669335
5327454
5563356
5316405
5576586
5625104
5449978
5568915
5700290
5651788
5754195
5470118
5654005
5438867
5631624
5634614
5536778
5717468
5707168
5892671
6062048
5422878
5907848
5460173
5773764
5954897
5743432
5774993
6014824
5639694
5765331
5417110
5663227
5404247
5665878
5714235
5544677
5703685
5779770
5796081
5901341
5585707
5788662
5583128
5833130
5855542
5714262
5892291
5957312
45374829
46980587
41530833
45413861
41490740
44409076
46237603
43971665
44643524
46123056
5955133
6124127
5648338
5967873
5646274
6009548
6045286
5891308
5960092
6083047
6132578
6355444
5678442
6183609
5678525
6024889
6234025
6004498
6076475
6192075
47570
43280
41709
41650
41135
40886
41058
40904
40841
40969
40966
40859
41182
40990
40886
40933
40776
40646
41034
41378
4477742
4669835
4209923
4491950
4211666
4502705
4591252
4421082
4489434
4614279
47792
43069
41508
41721
41339
41147
40785
41082
40900
40877
45552
45292
44756
44640
44006
44468
44548
44163
44255
44423
44285
44960
44142
44199
44361
44465
44228
44213
44145
44026
44311
44217
44130
44222
54480
44258
44515
44020
44337
44038
49565
76267
48400
48332
47819
47825
48065
47354
48015
48284
4328664
4322275
4318623
4327594
4358952
4322862
4320407
4318670
4317316
4333859
54850
51165
49416
48945
71671
48296
47834
47745
47881
47692
4338169
4338620
4332142
4356241
4360610
4415995
4341216
4339315
4354042
4339055
5784673
5890072
5566244
5770071
5543304
5821767
5834596
5661192
5821222
5940970
5976847
6091462
5767758
5976111
5752111
6025932
6040744
5895858
6023096
6143843
6145520
6280343
5947102
6140560
5910785
6186880
6225464
6063437
6227111
6295265
5988403
6078954
5744654
5937339
5732688
5994623
6008732
5853200
6028886
6103259
5925165
5913926
5929319
5896208
5908578
5941369
5914605
5909704
5914589
5938608
5937715
5935800
5944527
5947896
5931443
5953403
5934550
5929976
5943673
5954951
5925963
5926528
5958496
6016911
5938021
5966029
5928453
5929928
5926586
6020990
5949134
5952948
5978336
5952245
5951704
5956707
5949935
5949314
6049457
5964729
5950269
5950908
5956074
5955757
5932910
5945458
5944591
5935363
5951058
5984478
5864195
5843271
5832869
5827043
5842566
5840970
5851923
5910513
5828140
5853488
5844703
5844293
5839007
5846816
5845535
5851357
5870994
5842489
5839173
5879082
6010806
5988856
5991337
5998210
5991049
5991530
6025191
5986477
6000664
6011021
6017005
6013707
6011946
6048028
6011399
6015947
6050482
6017422
6002196
6028963
6007155
6084406
6015028
6024574
5997466
6012175
6039176
6011307
6005230
6017647
6034165
6006797
6015585
6062506
6031808
6011179
6030406
6032310
6013316
6071953
6032138
6028533
6035945
6061015
6031557
6027406
6057241
6022733
6032728
6048992
6052438
6051252
6071635
6057543
6133477
6060853
6080885
6058527
6061436
6076814
6111916
6098215
6124414
6108693
6092589
6113883
6111454
6098550
6116103
6115371
5885000
5867085
5908515
5894153
5888817
5958628
5942186
5934673
5887951
5916500
5961126
5953205
5935917
5910118
5904781
5908841
5928674
6003307
5918470
5924716
5970261
5969963
5976655
5959839
5959105
5959680
5972601
5965031
5965635
6001543
5988927
5985913
5999692
5976728
5993682
5975808
6004995
5979542
5983468
6000275
4672754
4832003
4292932
4719523
4288394
4588544
4764856
4533629
4629156
4752675
5131274
5312488
4822374
5159377
4884002
5127069
5272651
5065016
5146553
5259618
4672518
4655795
4645901
4674732
4630005
4640634
4673276
4611117
4672921
4675825
4989620
5143120
4773330
5010127
4764944
5048972
5075635
4927626
5048077
5202464
5331417
5507469
4873683
5344015
4899018
5203872
5424781
5174848
5236772
5389893
4843707
4888396
4829330
4867495
4893697
4873209
4853270
4808267
4885371
4865618
4919879
5037626
4478391
4932745
4503683
4805938
4951427
4734682
4847495
4920258
4188394
4210058
4155179
4193736
4163717
4176083
4175570
4161611
4223475
4198264
53309
47908
47413
46537
46483
46904
45724
69490
47250
46263
45639
45407
45668
45318
45179
45686
45087
45227
45399
45861
45223
45538
45553
45651
45621
46047
45745
45464
46033
45834
45425
46030
45301
45617
45357
45117
45058
45277
45565
45614
45846
45866
45837
45811
45686
45935
45594
45455
45434
67775
45624
45497
45810
45422
45603
45523
45520
45564
45487
46119
45416
45573
46130
45947
45485
45440
45781
45837
45864
45479
4413694
4435291
4435037
4406094
4402907
4403857
4425540
4431380
4410687
4406370
61733
56397
56121
55046
53888
54432
54115
53893
54536
54095
4927710
5046201
4505636
4918375
4504197
4833120
4952515
4833641
4819080
4977864
4083113
4092367
4052861
4093514
4059291
4076193
4067042
4056507
4108242
4090163
4055602
4069653
4054879
4074756
4047718
4056136
4055498
4047787
4072358
4054216
65745
63028
61043
60219
59858
83304
61781
60113
60998
61061
5104043
5269823
4748751
5141062
4713079
5032234
5185935
4985506
5043011
5181452
4088622
4071223
4064257
4083409
4066288
4089354
4070294
4059849
4065668
4066110
71944
70006
65268
67058
63384
67728
65973
87200
68163
67236
62145
60495
59239
59218
57790
59636
60196
58827
59493
59878
4087241
4080406
4143636
4084809
4070167
4097526
4078581
4072012
4083739
4091440
4409749
4477404
4189375
4368438
4202836
4401548
4440774
4319046
4434388
4523313
4092900
4089521
4087582
4096877
4118883
4089665
4090881
4094554
4126015
4093215
4160295
4175082
4129678
4189703
4133095
4180172
4166647
4146825
4218729
4189903
4247647
4365858
4053372
4264149
4046631
4280348
4299982
4210129
4299804
4385770
6194866
6139506
6089188
6109299
6081669
6114792
6114610
6084484
6137802
6136321
5653123
5893115
5195776
5697053
5191997
5576333
5765021
5506785
5587059
5701428
5357106
5461761
5150171
5361494
5156392
5314749
5374706
5223562
5402642
5462905
5588997
5669196
5349373
5580668
5382808
5618781
5546321
5448189
5623029
5646674
5733358
5822845
5516485
5711592
5561721
5712324
5708289
5613057
5756614
5805193
5753823
5847321
5548836
5730535
5577655
5703232
5738970
5602488
5805718
5819584
5886588
6050383
5715045
5874059
5709314
5883998
5855602
5746876
5969688
5978473
5587073
5622207
5346316
5494777
5323762
5525294
5514839
5368820
5572331
5610546
5540485
5605196
5349432
5550696
5344067
5477811
5568082
5408894
5589044
5587937
5713411
5785925
5495397
5693786
5482547
5657092
5679101
5571907
5743649
5767845
5955374
6102713
5433433
5947824
5487320
5811152
6080489
5790088
5827584
5984307
5826888
5936180
5637063
5813691
5633312
5804840
5813442
5691365
5899403
5905433
5989548
6090141
5796070
5971255
5838509
5949146
5969886
5848017
6044468
6056848
5981932
6103801
5802321
5984838
5820347
5989121
5988018
5831351
6091376
6071345
6225793
6275198
5971890
6148981
5973669
6143568
6151040
6016561
6229058
6236901
5762392
5914999
5586993
5763347
5599490
5725220
5767775
5632653
5850188
5852548
5777748
5900377
5626918
5776003
5585848
5776041
5800512
5662089
5864178
5906473
5966542
6148234
5517564
5987256
5574197
5849867
6036812
5813381
5866178
6031138
5884698
5996746
5715227
5887262
5694024
5896500
5893790
5754705
5943897
5990447
6099277
6199599
5928800
6090968
5912230
6102925
6091946
5964511
6171087
6200861
6244622
6352209
6090135
6282909
6068372
6246292
6259212
6185084
6354663
6359633
6277608
6414847
6106593
6275223
6101024
6285401
6276651
6148962
6351615
6408147
6437830
6581020
6267736
6456020
6279375
6438297
6436033
6343079
6531612
6538808
6067914
6155075
5889381
6052747
5899040
6050482
6048086
5947238
6116803
6218637
6101926
6189007
5902705
6074874
5915395
6053251
6067138
5966770
6136518
6169881
6266383
6349591
6063436
6254851
6059396
6221535
6235787
6142464
6297443
6355771
6025144
6214231
5518594
6080898
5529612
5889943
6089372
5856659
5919138
6069310
5719104
5818406
5581016
5715140
5487081
5687182
5692206
5582000
5767676
5790625
5917170
6005522
5707452
5888219
5724088
5878942
5937513
5809651
5963716
5989614
6058172
6218862
5874767
6058862
5898738
6030740
6054299
5955464
6119206
6140196
6085710
6193538
5889280
6087378
5907384
6048225
6170347
5969647
6133866
6158927
6236424
6343538
6049904
6228385
6065236
6214486
6219316
6135500
6326614
6330536
5867164
5968340
5667458
5831046
5698017
5848344
5850740
5742248
5913928
5938423
5888270
5972494
5688994
5860764
5696017
5823019
5882794
5759507
5926248
6026040
6037487
6149797
5845179
6016192
5862577
6004209
6011483
5912871
6085635
6121060
6289765
6503439
5815898
6318532
5843535
6159874
6359724
6138651
6178820
6353793
5981134
6076906
5780186
5965039
5809321
5950897
5961150
5871342
6031916
6083529
6208562
6280658
6064079
6194877
6032175
6182094
6172210
6063365
6239031
6260941
6339703
6430741
6148994
6384430
6156411
6390915
6360764
6202421
6389565
6481783
6343932
6454261
6159525
6369793
6203849
6349520
6357313
6225256
6407359
6449719
6542335
6608320
6346364
6507851
6426204
6509716
6506459
6374688
6620160
6604915
6118483
6236015
5939153
6122110
5942551
6120130
6119517
5990791
6216213
6206791
6138521
6289850
5960534
6142407
5969079
6113269
6132015
6007326
6215582
6229565
6297514
6442534
6132187
6307912
6156086
6286218
6359792
6210937
6360730
6413977
6003755
6162071
5826804
6011499
5823755
6003831
6019459
5906824
6087776
6130506
6414703
6557339
6062851
6398557
6107201
6362111
6472789
6334648
6400069
6533136
6268242
6337856
6040232
6257595
6036751
6208064
6251456
6103341
6300353
6404733
6398063
6481747
6209426
6409124
6199658
6411497
6398825
6251999
6456413
6493062
6419833
6508487
6239477
6402541
6220771
6428834
6402398
6283834
6484985
6493645
6577791
6671387
6383192
6570184
6471847
6559710
6551295
6432756
6677888
6655986
6271016
6319322
6022203
6216574
6043731
6183973
6199625
6095200
6272199
6275408
6223885
6323852
6033832
6239289
6068021
6202330
6206033
6110930
6277941
6306251
6392018
6498393
6194154
6388983
6191383
6355347
6375413
6277590
6437952
6477629
6449668
6640645
6223597
6466435
6113333
6421451
6568424
6385004
6450282
6589967
6278598
6422968
6123825
6293860
6102773
6289092
6296714
6155253
6365872
6401296
6516553
6623541
6346728
6545483
6339259
6504529
6521783
6391662
6611809
6598876
6668471
6821750
6510387
6747141
6548559
6667993
6662687
6584467
6743439
6759831
6739285
6794707
6557747
6717404
6510600
6681519
6737520
6583744
6780532
6822141
6853143
7000230
6703445
6881350
6704485
6855306
6883060
6752313
6965614
6954014
6460639
6579635
6275231
6524414
6291164
6448663
6473440
6318192
6511211
6533003
6495350
6565154
6292248
6469881
6296514
6450381
6476485
6341170
6525608
6612331
6614833
6730491
6485677
6618145
6435079
6634681
6626101
6502548
6696954
6737085
4397701
4416507
4388544
4417712
4380548
4480231
4420948
4388228
4440566
4425058
4361648
4383867
4366264
4384676
4362367
4370359
4376033
4368959
4393834
4370791
4412984
4397396
4381046
4405404
4402587
4392353
4391674
4389707
4414812
4409032
4409564
4404087
4399191
4433349
4408128
4402419
4401482
4403176
4443026
4409046
4412822
4406222
4433577
4423101
4403725
4410481
4407153
4449367
4410791
4411441
4432804
4509964
4435432
4427674
4423551
4428803
4452119
4422626
4420978
4421100
4475197
4522540
4453997
4476792
4447871
4511449
4469281
4454391
4485622
4516058
4594720
4616004
4519950
4590902
4502659
4594975
4561136
4520000
4609120
4632999
79766
75170
73493
73455
71550
72640
72332
72186
73224
73360
71452
70993
71277
72205
71434
70928
71677
70827
71097
71597
71784
71979
71188
102436
71461
71499
71111
71719
71004
71614
72029
72178
71787
71997
71277
71402
71944
71517
71259
71846
71073
70904
71399
71253
71271
71508
71840
71665
71760
70915
99787
75627
74587
74089
74172
74264
74661
74696
74053
74442
6167065
6175384
6143942
6158264
6158007
6168401
6140415
6161246
6181547
6150184
6368495
6310617
6266261
6270221
6269604
6301242
6269168
6277084
6288203
6280344
6274407
6281188
6266902
6254167
6231544
6240256
6262261
6250229
6263307
6272901
6103618
6239005
5736738
6110769
5717118
6113449
6183867
5999280
6058973
6196453
6287310
6445517
6024525
6315194
5965980
6254110
6399376
6205914
6267545
6417341
6318812
6473681
5990874
6373304
5984927
6281396
6421529
6231968
6297336
6489410
6527298
6693145
6216273
6565976
6194167
6531014
6611745
6441944
6573144
6641923
6319835
6506938
6012187
6367178
6089274
6313506
6421148
6259102
6341823
6489595
6535763
6723856
6225159
6579176
6241581
6519103
6625239
6501669
6543467
6672445
6640982
6745708
6257200
6602706
6276202
6548573
6690075
6503535
6586203
6719595
6793662
6991207
6490620
6832960
6535936
6804754
6910877
6714884
6822905
6923591
88498
84767
83393
82169
81671
81766
81292
81455
80966
81394
87215
108871
86299
85671
85153
85132
85229
85395
85259
85049
6779017
7001778
6322828
6814193
6353035
6665717
6853861
6653696
6684113
6850421
7079808
7044792
7026054
7034075
7016905
7078703
7046046
7053409
7065767
7094019
6899765
7033719
6716315
6956582
6768668
6878371
6912170
6798410
6982436
6976466
7042724
7030448
6914111
7030401
6909586
7022253
6981897
6932917
7067699
7028332
7322366
7517541
6833504
7349802
6854735
7207110
7382252
7189632
7232883
7370020
6863585
6864855
6928335
6848073
6793926
6905751
6854177
6835458
6888805
6898948
6840571
6880202
6805857
6819197
6841991
6825427
6836246
6827444
6842596
6855626
7308579
7292483
7273974
7276688
7266801
7335194
7283775
7278883
7343813
7308709
7402916
7380240
7271366
7331505
7301714
7314136
7352901
7322646
7322714
7378046
7440175
7458768
7396278
7427540
7423218
7432292
7448399
7449408
7462935
7441288
7097146
7068058
7046027
7043448
7044132
7095122
7064648
7048046
7166686
7111321
7046342
7090574
7012794
7059299
7027800
7058343
7025750
7047475
7048174
7082995
7116749
7081514
7110856
7093238
7070299
7075034
7081927
7040747
7133381
7109745
7154036
7212824
7115194
7192084
7125458
7197914
7292332
7145941
7213227
7205962
7172326
7189216
7140708
7181381
7130960
7185508
7170732
7132400
7191707
7158656
7232474
7210510
7166196
7203813
7149997
7204234
7206655
7161284
7218341
7191606
7193339
7232586
7149278
7196388
7234430
7215325
7227517
7194377
7220258
7222186
7223141
7210356
7161434
7194925
7143692
7211585
7181745
7153256
7232428
7189514
7244186
7252492
7171359
7233469
7187117
7218959
7250266
7170799
7232664
7246574
7306109
7385463
7338248
7287126
7293804
7304364
7322563
7321279
7317588
7354903
7338350
7316390
7366542
7344560
7289860
7343191
7329714
7298252
7370141
7343493
7202686
7308460
7198006
7196423
7225152
7236372
7230539
7219937
7215143
7345760
7221756
7222848
7208156
7201105
7195475
7231627
7181422
7226914
7237562
7213187
7004343
6995246
6954045
6984487
6956748
6998386
7023774
6961296
7016993
7022941
6986209
6978501
6974858
6960943
6965042
6988884
6966058
7026519
7010532
6984238
7269423
7239066
7225139
7251106
7318704
7249983
7223901
7208670
7263036
7235628
7334600
7401672
7272604
7323910
7316044
7327670
7326623
7338417
7329383
7379688
7323116
7314072
7304274
7316280
7275398
7336072
7395587
7274319
7369543
7339555
7340416
7373389
7321901
7339125
7327128
7341296
7339996
7333463
7380026
7350960
7357142
7389699
7309408
7367299
7337936
7369311
7354655
7348810
7369625
7384360
7357114
7373927
7311352
7440783
7340692
7358498
7335171
7347748
7348407
7360940
7480018
7498084
7408336
7521086
7445348
7456413
7483298
7458883
7510729
7490436
7456901
7483256
7448283
7440661
7451947
7462493
7463446
7415902
7470915
7525053
7297274
7271549
7236683
7227538
7215443
7264856
7233216
7239846
7241757
7269805
7366480
7353769
7312083
7367496
7293881
7386942
7378479
7334172
7357507
7380863
6993175
7042263
6967028
7001389
6970237
7006565
6977529
7012388
7063513
7028299
7390028
7364504
7354699
7364450
7323520
7400986
7382109
7366509
7392865
7415022
7504977
7482376
7457548
7502254
7467030
7478295
7507045
7471436
7506698
7490212
7400026
7422982
7341679
7386052
7375143
7479688
7399616
7416393
7414213
7429883
7487895
7521288
7481030
7471510
7476141
7518408
7528660
7504923
7515169
7534422
7536352
7548179
7498700
7522024
7505570
7542069
7505569
7503333
7546066
7553053
7087401
7196831
7049180
7125480
7043136
7107368
7136129
7059853
7134443
7120650
7102875
7095395
7108952
7073125
7078241
7105596
7059325
7082464
7089755
7115362
7653820
7621018
7598561
7634084
7591104
7652697
7612772
7609966
7673225
7736556
7100570
7143468
7106538
7107382
7091928
7104244
7131954
7079550
7138346
7162128
6985235
7051201
6979577
7004764
6965564
7049720
7017496
7013809
7028104
7046818
7007667
7026584
6957051
7018761
6961335
7008883
7007033
7063363
7003374
7031067
7004670
7053175
6996604
7036375
6983538
7056272
7002083
7046126
7032557
7048239
7134371
7161177
7087174
7106731
7133304
7130852
7145648
7103638
7146452
7173759
7090283
7119958
7082185
7119130
7091478
7132013
7169392
7100662
7134760
7113963
6911673
6871165
6833509
6893815
6822291
6946020
6875494
6853551
6880040
6924814
7142165
7172782
7103603
7141012
7124645
7152859
7136121
7131516
7158008
7136853
7166126
7143309
7115309
7207579
7196879
7175045
7140847
7150215
7208873
7159718
7136337
7161813
7123291
7129081
7140707
7143812
7107171
7163389
7144291
7166033
7161805
7176178
7162935
7148394
7152883
7162391
7167444
7144726
7170112
7177831
7233933
7295606
7310868
7262280
7242732
7279399
7276566
7241041
7259141
7306294
7268004
7246557
7243366
7289640
7224201
7263748
7220281
7224323
7265526
7242373
7300569
7350602
7236475
7297964
7265117
7260128
7285819
7250726
7308536
7346557
7016851
7073132
6969991
7036999
7010885
7046643
7024151
7008163
7042590
7055313
7035262
7014113
7046535
7007331
6989455
7019297
7008815
6965769
7060261
7022636
7045810
7078053
7031863
7019897
7050175
7030092
7061507
7007650
7137144
7054607
7140951
7162193
7104954
7131854
7077420
7184059
7277938
7103422
7168894
7146545
7167114
7160408
7137291
7169110
7109068
7156980
7180470
7134040
7147875
7191294
7156070
7166073
7158983
7127924
7130005
7173584
7235107
7165243
7159219
7200876
6966639
7015595
6909590
6982399
6909922
6981513
6982980
6952940
6966526
7031098
6946420
6974967
6925600
6971269
6938329
7000282
6931236
7019761
6969600
6977296
7178101
7209263
7136994
7218039
7274300
7163286
7200528
7138474
7231399
7210530
7248807
7317678
7230311
7240481
7247076
7275776
7291135
7298887
7261970
7315009
7270606
7257015
7261910
7290599
7216668
7288301
7240084
7247247
7303999
7255337
7294849
7318079
7469799
7313694
7295113
7369251
7322520
7280802
7280691
7323036
7185033
7228914
7167658
7172817
7267732
7212271
7177182
7197041
7202111
7235097
4524203
4545163
4218312
4404657
4224150
4449079
4476962
4330761
4455681
4560162
274510
269529
31428529
280154
31273377
275742
34755722
33481583
279973
295766
32939838
34159388
31106215
32966519
31152218
33348542
38444796
32252775
33725913
34542641
32459708
33460625
31031490
32877897
30973651
32453782
32622141
31500678
33203689
33593613
4695675
4893554
4292846
4710538
4331930
4609423
4751527
4657039
4726780
4766703
4752752
4840418
4495921
4736536
4515462
4751684
4797701
4636702
4820037
4871693
4682527
4723222
4706345
4678946
4699579
4675240
4687216
4699687
4678427
4675491
4840933
4814478
4810439
4788631
4778567
4829452
4789047
4806741
4827595
4843523
4849221
4829233
4849046
4849773
4849028
4829992
4853251
4852317
4828606
4844821
4923731
4886524
4846134
4868492
4850629
4852463
4862933
4847008
4861292
4859438
4908918
4860946
4857911
4899806
4863502
4885070
4864188
4889748
4886589
4894417
81392
78024
75319
75277
73962
74190
74364
74560
73965
73695
79333
77467
76225
75662
75884
75873
75366
75526
75683
75636
78128
75339
74821
96865
74738
74118
73683
74264
73568
72987
84598
82904
83167
83034
82374
81932
81822
81396
82104
81763
41538317
41784678
41386515
41584999
41424311
41739763
41573580
41485631
41841265
41750479
41501723
41781369
41416804
45961300
41338525
41600622
41477671
41441656
41522803
41465811
41396062
41380426
41347479
41374441
41357001
41363913
41442993
41368358
41383880
41392205
41521293
41620654
41564419
41517701
41499006
41514876
41572069
41471009
41484263
41496523
46099379
47482131
43253260
46121816
43276622
45826758
46688355
45320182
46030804
47263011
42464478
42510295
42495138
42480790
42522243
42506455
42485424
42463551
42585863
42483665
42741766
42629661
42608079
42721865
42668598
42617067
42662362
42725820
42702688
42618099
42758157
42648102
42729682
42794361
45591744
42696615
42715903
42802289
42675947
42728277
41660293
41750335
41698363
41651418
41573692
41744155
41528047
41588333
41713303
41731501
41556543
41973384
41701509
41637239
41564042
41601939
41567246
41555397
41560961
41618393
43681530
43642857
43701675
43748294
43678008
43687612
43734863
43721514
43762181
43688370
43806348
43831559
43903716
43865983
49678383
47095752
44000888
44295193
44071220
44130967
42172295
42063850
42012607
41998471
42078992
42086738
41930258
41893089
42111947
41909610
44806323
44281483
42964766
43877577
43211560
44004811
43434322
43218494
44251442
44370864
44189204
44349116
54734169
44162174
43978166
44434938
44224873
44058074
44325178
44518776
45212116
45301695
45035717
45272764
44987716
45202205
45155502
45236469
45390745
45374851
42966822
43021613
43083207
42960793
43037750
42974957
43098520
43062036
43033021
42963205
43473313
43953669
43764626
43443824
43429823
43428082
43500740
43443255
43453127
43477486
43566628
43657552
43670937
43573596
43631152
43540851
43624499
43612057
43529643
43608007
43925212
43871864
43807681
43830006
43889388
43939412
43860848
43824957
43902777
44057963
43979264
44010746
43988189
44022940
44112910
44045113
43983121
43971627
44082624
44024215
42649415
42719409
42323276
42718498
42303591
42717625
42806410
42477461
42836698
42821664
47387379
5652453
43480905
47604639
43598798
46449308
48207691
46191231
5381822
5528170
59216863
46650958
43773179
45463815
43344088
45563877
46104034
44656069
45860734
47309478
47201970
49644798
45015302
46969157
45220263
47393803
47418282
46303574
47415631
48652192
46696308
47749657
45015237
46842810
45131534
46417860
46551457
45674417
47328142
47371711
5633327
5726283
5370538
5556070
5362977
5631887
5630591
5465916
5656544
5730523
45967674
46585419
44220682
45354103
43311580
45892287
46143125
44573497
45749008
46807827
44605719
44899063
43351807
44540806
44142594
44441013
43884016
43774394
44949035
45766841
47461586
47707082
47316042
47542564
47152985
47440061
47358005
47400254
47594531
47694954
47617200
48084476
47483131
47608252
47532758
48692433
47566588
47457038
47798825
47935822
45852912
46728316
44387761
45706991
44705998
45595051
45044677
44841184
45707104
45909110
45711980
46184760
44894395
45867355
44686403
46986488
45247351
45379887
45811943
46011092
46857794
47316870
45966330
46846675
46178007
47028361
46502796
46204254
46935554
47140639
45130197
44903994
44863795
44965094
45020172
45038919
44901392
45001740
44953011
45226462
45114411
45096382
45078679
45285802
45124551
45132404
46326720
45253351
45323191
45138913
5807101
5248124
5251694
5277096
5225791
5262265
5252696
5239116
5243892
5236491
5423081
5455424
5375288
5378986
5385845
5408550
46622166
5473460
5492147
5501036
5431845
5433970
5343430
5372803
5369077
5366861
5374729
5365335
5352827
5383777
5505574
5408512
5460873
5422969
5405489
5382999
5431990
5406237
10861817
5490764
5428965
5397313
5423658
5433200
5416755
5928497
5432723
5445468
5428480
5519546
5498326
5598873
45324937
5458447
45412307
5518883
5523215
5434205
5522978
5633878
5377200
5307550
5313881
5330581
5285627
5341819
5313123
5451938
5349926
5310818
5426343
5438335
5460379
5434870
5413641
5531304
5454690
5428661
5417472
5473001
5652057
5773819
5413283
5671177
5514691
5690228
5742608
5545715
5709090
5810436
5489004
5464664
5435829
5455425
5482424
5459897
5438640
5510835
5460370
5475233
47283693
46982859
46543848
46681791
46770163
46793238
46572302
46619577
46745184
46999878
5433950
5452465
5439929
5507689
5485084
5454643
5443662
5463179
5417645
5437078
5484249
5440735
5465496
5474222
5473571
5438347
5465863
5462364
5486128
5463348
46802400
47230572
46547347
46928542
46616647
46818246
46786978
46582993
46691992
46798290
5766966
5867267
5607611
6159117
5624479
5752580
5774107
5688120
5845257
5835612
5408622
5413761
5401197
5494105
5423153
5407330
5367577
5402359
5499776
5409315
5324516
5367711
5349176
5323586
5348305
5365831
5325610
5353286
5349337
5337375
5513802
5513231
5671974
5512896
5492148
5583192
5523692
5517147
5484182
5604172
5566356
5522933
5508335
5567945
5523539
5563855
5529396
5515876
5523058
5531284
5521354
5503606
5473194
5499952
5485764
5498939
5513505
5490569
5549724
5519787
5387017
5392122
5363007
5372625
5384794
5402736
5349645
5381387
5514818
5375022
5569351
5673494
5415550
5643772
5379692
5555603
5688952
5454823
5606423
5658246
5350545
5322388
5272785
5321197
5254530
5314281
5309019
5288468
5327588
5325096
5448412
5471407
5419209
5457553
5401007
5489203
5463885
5447662
5479867
5487973
5559043
5587008
5532966
5562507
5667736
5718815
5573396
5527393
5646439
5617126
5534344
5720000
5540657
5540851
5523541
5525852
5691894
5512030
5526686
5531810
5694753
5701182
5537989
5704595
5560668
5679885
5635361
5617633
5659257
5704957
5425038
5421016
5364290
5405414
5414821
5381598
5412400
5393773
5441437
5407260
5887620
5904869
5597490
5751933
5585256
5753092
5727627
5792188
5843887
5845995
30589556
30887406
30531325
30646721
30682309
30573545
30916849
30437258
30800147
30883756
51695729
53057610
47661028
51636773
47885753
50699587
52473977
50106318
51102459
52309425
50179503
51749828
47589590
50525963
47646611
50016060
51115927
49595823
50471215
51366922
49494899
50649883
47408410
49239587
47999568
49665380
49780606
48540114
50086239
50936983
52082654
53559994
49349037
52289712
49211244
51802544
53081261
51437104
52162899
53051201
51132465
52185071
49023660
50965524
49248892
51421222
51513664
50331344
51638150
52597566
52630288
53744468
51370001
52816423
50640951
53070356
53593271
51767111
53215084
54069147
45607211
47332325
38768830
46396250
39736546
42534013
44989778
43249431
43038877
44518894
46179309
48391935
40532234
47145313
40929381
43517538
46217186
44109855
43927219
45454502
47277533
48642764
41831298
47422412
41902203
45502042
47463134
45014386
45482314
46941149
44495016
44626554
44618922
44566567
44451269
44677086
44553946
44604166
44579062
44517086
44714537
44728252
44536647
45029760
44695244
44653247
44526429
45046821
44541282
44659414
48096476
50040794
45177520
48252048
45292808
48084576
48691953
47397118
48323854
49226068
46553185
48185303
45162537
46489967
45360776
46390650
46805523
45593622
47094856
47464723
45443166
45597550
45228807
45315441
45136329
45530191
45274708
45087339
45517712
45691843
45537286
45428669
45440358
45727698
45563944
45529782
45352444
45267962
45790619
45512241
45809826
45627628
45654146
61653465
45505124
45722464
45843257
45533053
45627964
45776557
44831215
44891934
44713016
44729539
44960438
44945545
44804015
44733415
44791367
44857548
46686513
46434558
46473705
46612043
46864336
47088697
46781371
46783153
46937380
46500951
46798023
46644977
47022965
46766893
46544714
46655324
46516753
46995508
47365494
46707614
45141628
45339533
45187454
45077740
45493805
45298831
45250352
45076631
44896199
45734580
48138177
47508005
47362168
47747781
48054695
47394768
47563717
47364916
47748576
47607515
47719825
47750554
47702670
47901846
47609424
47572746
47844320
47871549
47568594
48009441
48063606
49496641
46673816
48219568
46717879
48294939
48159944
47014691
48603128
49243891
44856400
44919615
47563605
45227957
44667301
44685802
44642414
44464596
45424043
45073247
45122916
45267099
44953285
45390810
44936361
45098451
45291847
44936164
45244613
45805787
45819852
46433520
45739013
45944285
45825520
45735626
45686891
47063844
45990815
46365387
44707240
44139259
43907930
49483472
43813540
43968042
43885116
44282485
44209738
44045924
44877114
44977886
44431283
50810617
44372751
45668958
45117403
44857770
47697734
48237969
44303517
44309701
44383388
44918524
44594638
44382508
44443133
44478452
44263606
44564151
44462940
44632180
44452001
44445922
44456809
44489186
44390713
44372588
44486004
44413334
49368610
51030432
45439076
49564771
45585239
48554325
50240121
48043079
48715587
50081946
52388947
52276452
52351074
52630157
52420035
52435181
52632111
52418703
52473791
52418961
52514639
52501595
52473033
52469143
52440272
52520982
52580642
52618984
52668325
52691463
47695090
49454754
40811008
48513827
41580861
44561552
47032154
45198776
44879989
46421970
4529111
4677501
4104298
4529943
4119619
4415009
4593689
4365842
4418914
4568037
49633442
52916533
42771294
55410806
43641324
46482412
48945114
47252108
46850330
48449289
4710443
4859658
4330686
4745006
4328280
4615730
4785679
4580165
4634594
4780956
273997
270812
267247
264785
286984
263490
262184
261099
260264
259487
259706
258957
281266
258595
258240
257594
256427
257624
257498
257132
40958842
41056540
40667577
40852075
40712560
40843844
4986042
40689300
41045197
41049093
4909020
4928093
4926445
4936552
4902528
4928881
4920614
4914108
4914007
4918970
42392152
43232424
40886750
42324508
40863250
42235363
42390282
41257622
42872164
43092466
5447690
47139680
41610798
5459516
41754013
5327780
46417772
44195981
44862618
46222420
43271420
43477060
43109870
43254347
43062235
43298407
43275456
43099801
43417731
43495150
43527602
43707717
43278822
43512504
43324855
43524094
43465654
43302660
43713335
43709839
44181308
44301375
43958690
44221684
44132282
44149407
44183932
44016531
44318647
44383040
44405354
44572987
44165947
44396273
44209557
44524493
44517265
44421252
44816486
44794676
5417610
5445345
5371225
5411834
5388439
5405986
5437769
5401225
5434089
5422896
5343671
5360448
5278109
5330976
5321230
5323706
5371361
5339176
5330395
5366928
43536090
5241455
43243433
43641531
43378755
44026672
43771994
43433493
5244934
5235632
43425964
43419133
43196284
43429539
44619838
43372155
43269130
43642044
43390278
43364877
5360977
5334689
5363145
5366823
5321235
5356191
5373072
5320260
5351184
5377872
5343276
5359688
5344426
5351531
5349562
5364239
5371255
5346642
5368680
5367678
5700203
5877737
5393681
5712085
5421094
5654965
5782961
5641122
5713817
5836337
5381951
5376956
5368638
5383398
5347162
5392198
5375776
5339791
5377817
5395285
44576492
44856949
44390418
44618514
44357778
44814339
44670465
44610621
44762346
44957449
44454994
44503860
44302975
44517575
44363022
44523170
44375925
44355113
44507740
44478365
44787853
44752181
44514277
44699408
44597422
44755526
44552237
44548021
44694292
44810454
44695107
44741553
44562873
44740084
44572451
44718254
44614512
44634210
44749845
44724408
44929825
44930001
44784493
44907982
44756028
44921504
44832439
44812681
44967025
44936484
45671094
45740112
45328843
45515578
45289359
45638778
45607808
45471261
45666964
45860095
45668244
45629235
45499177
45730511
45493586
45664783
45464324
45490890
45616478
45684769
45736477
45713026
45497470
45690192
45513236
45726320
45503051
45557425
47150853
45674488
45837365
46254336
45773682
45858753
45637101
45879711
45690956
45718477
45849401
45826483
44829253
50729565
44662372
44834318
44684917
45018162
45143498
44807913
45041122
45206137
45010687
44873927
44706086
44832521
44669795
44847562
44689995
44661813
44881447
44776122
44914669
44941758
44815783
44912821
44853731
44919991
44819258
44848646
44931333
44929378
44954012
44947409
44823311
44930370
44782289
45000920
44765694
44782913
44970509
44936536
45125007
45144552
44964627
45175136
44966680
45159779
45006345
44976404
45213684
45130407
45801467
45912019
45483402
45751824
45487688
45849954
45807912
45685215
45932618
46088041
43677996
43660061
43453758
43661399
43473285
43644344
43495267
43489282
43674757
43655626
45814882
45819695
45678569
45783912
47385778
45845524
45649911
47046077
45819431
45793668
45935419
46307635
45716917
45894724
45782695
45872867
45763273
45742751
45910314
45882260
46076951
46077555
46010083
46073750
45975078
46058852
45919256
45989753
46044522
46062934
5586248
5609657
45759734
5576402
45753328
5602297
46323802
46069242
5612377
5630738
45958437
46179724
45734628
46012456
45698809
46146341
46036245
45873238
46178974
46297208
46168525
46100075
45959115
46113984
45973586
46096242
45950396
45999023
46162072
46101697
46283511
46323454
46125739
46272866
46163773
46313994
46139618
46156675
46264044
46287412
